21 # type movement range1 range2 sight attack hp capture aboard cost place critical* 
0    0    4    1    1    2    60    100    1    1    100    0    1.5
1    0    5    1    1    3    60    120    0    1    150    0    1.5
2    0    3    1    1    2    80    125    1    1    250    0    1.5
3    0    5    1    1    2    90    120    1    1    400    0    1.5
4    0    3    1    3    2    80    100    1    1    500    0    1.35
5    0    5    1    1    2    140    300    0    0    1200    0    2.5
6    1    6    1    1    2    100    200    0    0    600    0    1.5
7    2    12    1    1    2    0    150    0    0    300    0    0
8    2    6    2    6    2    90    150    0    0    800    0    1.5
9    2    6    2    5    2    100    160    0    0    900    0    1.5
10    3    6    1    1    3    0    120    0    0    450    1    0
11    3    5    1    1    3    70    100    0    0    600    1    1.25
12    3    7    1    1    4    70    125    0    0    800    1    2
13    3    8    1    1    3    140    150    0    0    1250    1    2
14    4    10    1    1    3    0    140    1    0    200    2    0
15    4    12    1    1    4    90    130    0    0    400    2    1.5
16    4    4    3    6    3    90    140    0    0    550    2    1.5
17    4    8    2    4    2    100    125    1    0    900    2    1.5
18    5    4    1    1    3    100    400    1    1    0    3    0
19    5    0    0    0    3    0    250    0    0    100    3    0
20    5    0    0    0    2    0    100    0    0    0    3    0
